135.0
-26.0
-30.0
-17.0
-21.0
58.0
-16.0
-30.0
-7.0
-21.0
58.0
-6.0
-30.0
3.0
-21.0
58.0
4.0
-30.0
13.0
-21.0
58.0
-26.0
-20.0
-17.0
-11.0
58.0
-16.0
-20.0
-7.0
-11.0
58.0
-6.0
-20.0
3.0
-11.0
58.0
4.0
-20.0
13.0
-11.0
58.0
-26.0
-30.0
-17.0
-21.0
55.0
-16.0
-30.0
-7.0
-21.0
55.0
-6.0
-30.0
3.0
-21.0
55.0
4.0
-30.0
13.0
-21.0
55.0
-26.0
-20.0
-17.0
-11.0
55.0
-16.0
-20.0
-7.0
-11.0
55.0
-6.0
-20.0
3.0
-11.0
55.0
4.0
-20.0
13.0
-11.0
55.0
-26.0
-30.0
-17.0
-21.0
52.0
-16.0
-30.0
-7.0
-21.0
52.0
-6.0
-30.0
3.0
-21.0
52.0
4.0
-30.0
13.0
-21.0
52.0
-26.0
-20.0
-17.0
-11.0
52.0
-16.0
-20.0
-7.0
-11.0
52.0
-6.0
-20.0
3.0
-11.0
52.0
4.0
-20.0
13.0
-11.0
52.0
-26.0
-30.0
-17.0
-21.0
49.0
-16.0
-30.0
-7.0
-21.0
49.0
-6.0
-30.0
3.0
-21.0
49.0
4.0
-30.0
13.0
-21.0
49.0
-26.0
-20.0
-17.0
-11.0
49.0
-16.0
-20.0
-7.0
-11.0
49.0
-6.0
-20.0
3.0
-11.0
49.0
4.0
-20.0
13.0
-11.0
49.0
-26.0
-30.0
-17.0
-21.0
46.0
-16.0
-30.0
-7.0
-21.0
46.0
-6.0
-30.0
3.0
-21.0
46.0
4.0
-30.0
13.0
-21.0
46.0
-26.0
-20.0
-17.0
-11.0
46.0
-16.0
-20.0
-7.0
-11.0
46.0
-6.0
-20.0
3.0
-11.0
46.0
4.0
-20.0
13.0
-11.0
46.0
-26.0
-30.0
-17.0
-21.0
43.0
-16.0
-30.0
-7.0
-21.0
43.0
-6.0
-30.0
3.0
-21.0
43.0
4.0
-30.0
13.0
-21.0
43.0
-26.0
-20.0
-17.0
-11.0
43.0
-16.0
-20.0
-7.0
-11.0
43.0
-6.0
-20.0
3.0
-11.0
43.0
4.0
-20.0
13.0
-11.0
43.0
-26.0
-30.0
-17.0
-21.0
40.0
-16.0
-30.0
-7.0
-21.0
40.0
-6.0
-30.0
3.0
-21.0
40.0
4.0
-30.0
13.0
-21.0
40.0
-26.0
-20.0
-17.0
-11.0
40.0
-16.0
-20.0
-7.0
-11.0
40.0
-6.0
-20.0
3.0
-11.0
40.0
4.0
-20.0
13.0
-11.0
40.0
-26.0
-30.0
-17.0
-21.0
37.0
-16.0
-30.0
-7.0
-21.0
37.0
-6.0
-30.0
3.0
-21.0
37.0
4.0
-30.0
13.0
-21.0
37.0
-26.0
-20.0
-17.0
-11.0
37.0
-16.0
-20.0
-7.0
-11.0
37.0
-6.0
-20.0
3.0
-11.0
37.0
4.0
-20.0
13.0
-11.0
37.0
-26.0
-30.0
-17.0
-21.0
34.0
-16.0
-30.0
-7.0
-21.0
34.0
-6.0
-30.0
3.0
-21.0
34.0
4.0
-30.0
13.0
-21.0
34.0
-26.0
-20.0
-17.0
-11.0
34.0
-16.0
-20.0
-7.0
-11.0
34.0
-6.0
-20.0
3.0
-11.0
34.0
4.0
-20.0
13.0
-11.0
34.0
-26.0
-30.0
-17.0
-21.0
31.0
-16.0
-30.0
-7.0
-21.0
31.0
-6.0
-30.0
3.0
-21.0
31.0
4.0
-30.0
13.0
-21.0
31.0
-26.0
-20.0
-17.0
-11.0
31.0
-16.0
-20.0
-7.0
-11.0
31.0
-6.0
-20.0
3.0
-11.0
31.0
4.0
-20.0
13.0
-11.0
31.0
-26.0
-30.0
-17.0
-21.0
28.0
-16.0
-30.0
-7.0
-21.0
28.0
-6.0
-30.0
3.0
-21.0
28.0
4.0
-30.0
13.0
-21.0
28.0
-26.0
-20.0
-17.0
-11.0
28.0
-16.0
-20.0
-7.0
-11.0
28.0
-6.0
-20.0
3.0
-11.0
28.0
4.0
-20.0
13.0
-11.0
28.0
-26.0
-30.0
-17.0
-21.0
25.0
-16.0
-30.0
-7.0
-21.0
25.0
-6.0
-30.0
3.0
-21.0
25.0
4.0
-30.0
13.0
-21.0
25.0
-26.0
-20.0
-17.0
-11.0
25.0
-16.0
-20.0
-7.0
-11.0
25.0
-6.0
-20.0
3.0
-11.0
25.0
4.0
-20.0
13.0
-11.0
25.0
-26.0
-30.0
-17.0
-21.0
22.0
-16.0
-30.0
-7.0
-21.0
22.0
-6.0
-30.0
3.0
-21.0
22.0
4.0
-30.0
13.0
-21.0
22.0
-26.0
-20.0
-17.0
-11.0
22.0
-16.0
-20.0
-7.0
-11.0
22.0
-6.0
-20.0
3.0
-11.0
22.0
4.0
-20.0
13.0
-11.0
22.0
-26.0
-30.0
-17.0
-21.0
19.0
-16.0
-30.0
-7.0
-21.0
19.0
-6.0
-30.0
3.0
-21.0
19.0
4.0
-30.0
13.0
-21.0
19.0
-26.0
-20.0
-17.0
-11.0
19.0
-16.0
-20.0
-7.0
-11.0
19.0
-6.0
-20.0
3.0
-11.0
19.0
4.0
-20.0
13.0
-11.0
19.0
-26.0
-30.0
-17.0
-21.0
16.0
-16.0
-30.0
-7.0
-21.0
16.0
-6.0
-30.0
3.0
-21.0
16.0
4.0
-30.0
13.0
-21.0
16.0
-26.0
-20.0
-17.0
-11.0
16.0
-16.0
-20.0
-7.0
-11.0
16.0
-6.0
-20.0
3.0
-11.0
16.0
4.0
-20.0
13.0
-11.0
16.0
-26.0
-30.0
-17.0
-21.0
13.0
-16.0
-30.0
-7.0
-21.0
13.0
-6.0
-30.0
3.0
-21.0
13.0
4.0
-30.0
13.0
-21.0
13.0
-26.0
-20.0
-17.0
-11.0
13.0
-16.0
-20.0
-7.0
-11.0
13.0
-6.0
-20.0
3.0
-11.0
13.0
4.0
-20.0
13.0
-11.0
13.0
-26.0
-30.0
-17.0
-21.0
10.0
-16.0
-30.0
-7.0
-21.0
10.0
-6.0
-30.0
3.0
-21.0
10.0
4.0
-30.0
13.0
-21.0
10.0
-26.0
-20.0
-17.0
-11.0
10.0
-16.0
-20.0
-7.0
-11.0
10.0
-6.0
-20.0
3.0
-11.0
10.0
